5.418290579781270822e-03
7.245586993830488431e-03
-3.721501249051573090e-03
2.348692915804639902e-03
1.456865939519325082e-03
-2.880251675224321239e-03
3.070286438111025085e-03
-8.573865781071332570e-03
5.906352656163793569e-03
-6.719976492031154436e-04
-7.982422469041683399e-04
-2.379151034440307733e-03
2.460822580335420007e-03
3.959370844554666036e-03
-2.035506554091348619e-03
2.241165206027240231e-04
-6.891690714758147429e-03
4.063307390584691703e-03
1.562769079366255198e-04
6.946321814126354965e-04
-1.571329349234540373e-03
4.661165797380850684e-03
-2.538205862896103504e-03
1.918841623409828223e-03
